3 0.12734375 0.13671875 0.2375 0.23671875
14 0.36015625 0.1453125 0.19453125 0.190625
10 0.58203125 0.125 0.240625 0.23828125
4 0.87578125 0.12734375 0.21015625 0.2203125
13 0.15625 0.503125 0.30859375 0.31171875
12 0.40859375 0.36484375 0.1765625 0.17265625
6 0.41953125 0.61171875 0.20078125 0.1953125
5 0.63125 0.6125 0.1984375 0.215625
9 0.63046875 0.38203125 0.2359375 0.234375
4 0.875 0.37890625 0.196875 0.2046875
11 0.86328125 0.60703125 0.2203125 0.21953125
2 0.165625 0.8265625 0.31484375 0.31015625
11 0.4703125 0.85234375 0.2453125 0.246875
12 0.85078125 0.85078125 0.23125 0.23515625