4 0.1015625 0.0890625 0.1640625 0.1703125
4 0.2921875 0.0890625 0.17109375 0.16796875
5 0.48984375 0.09140625 0.16875 0.16640625
9 0.68359375 0.0890625 0.16328125 0.1640625
12 0.8859375 0.0875 0.1671875 0.1609375
12 0.103125 0.2875 0.16875 0.16640625
5 0.28984375 0.28515625 0.16875 0.17265625
6 0.88203125 0.28515625 0.16875 0.16796875
14 0.1015625 0.4734375 0.16328125 0.17109375
3 0.29140625 0.471875 0.1734375 0.1765625
11 0.4890625 0.47265625 0.16484375 0.17109375
11 0.684375 0.846875 0.1703125 0.1671875
5 0.88203125 0.84765625 0.1640625 0.1703125
12 0.88671875 0.475 0.1640625 0.1734375
12 0.10234375 0.66484375 0.16328125 0.16484375
7 0.29140625 0.665625 0.16953125 0.17109375
7 0.48984375 0.6625 0.1625 0.165625
7 0.68515625 0.66015625 0.1609375 0.165625
13 0.88359375 0.66171875 0.1640625 0.16484375
11 0.68515625 0.471875 0.1671875 0.1703125
2 0.1 0.8515625 0.16953125 0.1765625
5 0.48984375 0.2828125 0.165625 0.1640625
6 0.68515625 0.2859375 0.16171875 0.165625