4 0.17109375 0.3453125 0.05390625 0.0921875
11 0.165625 0.44453125 0.04921875 0.08671875
5 0.2578125 0.3328125 0.05234375 0.08984375
13 0.2546875 0.43046875 0.053125 0.08515625
9 0.36796875 0.3203125 0.05859375 0.09140625
12 0.36875 0.421875 0.0546875 0.08828125
5 0.48671875 0.3140625 0.059375 0.0875
10 0.48984375 0.4171875 0.0609375 0.0953125
3 0.609375 0.3078125 0.06171875 0.09765625
2 0.6125 0.41015625 0.06015625 0.0921875
7 0.14453125 0.634375 0.0703125 0.13984375
6 0.25546875 0.628125 0.05546875 0.10625
9 0.25390625 0.73359375 0.05 0.0953125
4 0.3734375 0.62109375 0.0578125 0.1046875
14 0.37421875 0.73046875 0.05859375 0.09921875
11 0.49765625 0.609375 0.0609375 0.10078125
12 0.5 0.71796875 0.05859375 0.09609375