4 0.24453125 0.28125 0.1390625 0.14921875
14 0.07734375 0.30390625 0.12265625 0.134375
9 0.275 0.56015625 0.13828125 0.16171875
11 0.6171875 0.56796875 0.14453125 0.19921875
12 0.06015625 0.77734375 0.11953125 0.21640625
6 0.4046875 0.925 0.1734375 0.15
3 0.4609375 0.1265625 0.11640625 0.09921875
5 0.653125 0.153125 0.1015625 0.0875
13 0.51875 0.3078125 0.11796875 0.11875
2 0.7203125 0.3046875 0.1109375 0.1171875
4 0.8375 0.62421875 0.14765625 0.20546875
5 0.95703125 0.94921875 0.08515625 0.1015625