7 0.3140625 0.12421875 0.0859375 0.08515625
9 0.19765625 0.2984375 0.0875 0.09609375
6 0.38125 0.265625 0.09609375 0.0984375
12 0.478125 0.065625 0.06484375 0.06171875
9 0.546875 0.15703125 0.0734375 0.084375
4 0.71640625 0.10234375 0.09921875 0.09609375
12 0.26484375 0.50234375 0.09609375 0.13359375
5 0.0453125 0.571875 0.07265625 0.14296875
10 0.2234375 0.6953125 0.12421875 0.17578125
4 0.43984375 0.6640625 0.12734375 0.19296875
11 0.50703125 0.4171875 0.115625 0.140625
13 0.703125 0.34609375 0.10546875 0.11796875
2 0.71875 0.62734375 0.1171875 0.18203125