14 0.32109375 0.2515625 0.08359375 0.15390625
11 0.1703125 0.559375 0.0765625 0.13828125
4 0.43984375 0.28359375 0.09140625 0.16953125
3 0.64765625 0.12890625 0.0984375 0.16484375
13 0.63515625 0.43046875 0.0875 0.1578125
5 0.81640625 0.24140625 0.09140625 0.1453125
2 0.80390625 0.51484375 0.1109375 0.18671875
9 0.42421875 0.60078125 0.09296875 0.15703125
12 0.29609375 0.6953125 0.0828125 0.15234375
6 0.44375 0.91875 0.09609375 0.1625
7 0.27890625 0.9671875 0.0859375 0.06484375
11 0.6265625 0.75078125 0.10078125 0.17109375
4 0.76171875 0.89921875 0.0984375 0.17578125