5 0.1140625 0.390625 0.07421875 0.10078125
10 0.21875 0.62734375 0.0859375 0.13828125
9 0.26171875 0.25234375 0.0734375 0.0984375
7 0.37109375 0.1421875 0.07578125 0.0953125
11 0.56953125 0.09921875 0.06875 0.1
12 0.5046875 0.209375 0.06953125 0.10625
6 0.38828125 0.34921875 0.0703125 0.11875
9 0.51796875 0.37578125 0.07421875 0.12578125
14 0.66875 0.30546875 0.0703125 0.115625
4 0.640625 0.440625 0.0890625 0.11875
11 0.42890625 0.58984375 0.07265625 0.115625
12 0.2703125 0.49609375 0.0765625 0.1234375
4 0.3515625 0.7328125 0.07265625 0.13203125
2 0.50703125 0.85390625 0.0765625 0.13984375
13 0.5640625 0.6453125 0.07890625 0.125
3 0.6875 0.71484375 0.0796875 0.134375
5 0.61796875 0.92109375 0.075 0.13671875