2 0.49609375 0.7140625 0.11328125 0.14921875
5 0.67578125 0.59453125 0.14140625 0.1765625
3 0.6328125 0.3328125 0.090625 0.109375
13 0.459375 0.4359375 0.1015625 0.12109375
11 0.26640625 0.57734375 0.12578125 0.15703125
4 0.2203125 0.85390625 0.1515625 0.2265625
10 0.034375 0.92265625 0.06875 0.1515625
12 0.03671875 0.73046875 0.0734375 0.1421875
6 0.12734375 0.44609375 0.0796875 0.1015625
7 0.0515625 0.31953125 0.07734375 0.103125
9 0.2890625 0.29140625 0.0859375 0.109375
4 0.45390625 0.19375 0.10390625 0.1015625
14 0.42265625 0.0953125 0.08515625 0.0828125
11 0.24296875 0.07734375 0.0625 0.0671875
12 0.20859375 0.21796875 0.0734375 0.078125